VN_01_00_0005_01_01
 741,235,599
reads: 741,235,599
aligned_reads:726,303,270
mapped_reads:628
duplicated_reads: 78,696,857
aligned_bases: 81,623,613,281 bp
mapped_bases: 81,599,047,667 bp
chr22:20.17200736944687
chrX:26.712517971650957
chrY:0.3542896879057004
VN_01_00_0012_01_01
 702,495,587
reads: 702,495,587
aligned_reads:688,439,980
mapped_reads:587
duplicated_reads: 81,174,424
aligned_bases: 77,696,365,321 bp
mapped_bases: 77,671,964,960 bp
chr22:20.185418281401162
chrX:25.121694687793223
chrY:0.35307689505108697
VN_01_00_0022_01_01
 940,929,426
reads: 940,929,426
aligned_reads:929,395,098
mapped_reads:872
duplicated_reads: 28,038,143
aligned_bases: 109,636,286,282 bp
mapped_bases: 109,602,736,467 bp
chr22:32.29278409179907
chrX:33.4783746337779
chrY:0.36269497757324876
VN_01_00_0027_01_01
 765,302,518
reads: 765,302,518
aligned_reads:755,524,442
mapped_reads:707
duplicated_reads: 27,132,576
aligned_bases: 92,280,131,081 bp
mapped_bases: 92,252,773,485 bp
chr22:25.234227230147905
chrX:29.057623759463826
chrY:0.35603902430329937
VN_01_00_0028_01_01
